 AA AC AG AU CA CC CG CU GA GC GG GU UA UC UG UU NN
AA -2.972177 -8.148276 -8.791773 -4.702553 -9.718125 -13.069951 -3.776277 -12.182084 -7.196477 -5.1267 -9.25665 -6.150642 -2.50804 -11.293492 -3.6474 -8.928745 -14.715259
AC -8.148276 -2.146518 -9.266277 -1.614982 -10.224148 -8.719885 -5.273223 -10.341839 -7.788389 -2.744093 -10.032955 -4.579648 -5.240062 -8.802055 -6.966146 -8.156342 -14.715259
AG -8.791773 -9.266277 -1.377843 -5.63824 -9.725863 -14.715259 -2.525007 -9.400564 -9.309859 -5.892476 -4.546348 -7.065862 -2.836635 -8.016485 -5.7678 -9.991753 -14.715259
AU -4.702553 -1.614982 -5.63824 4.185443 -5.471836 -2.554371 2.081599 -4.033799 -3.914444 2.909999 -4.703337 0.760609 1.916038 -4.201708 -0.366015 -2.38278 -14.715259
CA -9.718125 -10.224148 -9.725863 -5.471836 -6.053334 -11.242347 -2.998185 -8.252639 -7.808572 -5.251188 -11.107627 -6.105457 -2.815869 -7.571364 -6.08866 -8.839702 -14.715259
CC -13.069951 -8.719885 -14.715259 -2.554371 -11.242347 -3.865908 -4.984706 -6.829857 -12.227284 -3.522321 -12.095426 -6.709444 -6.061146 -8.447139 -8.004082 -6.389603 -14.715259
CG -3.776277 -5.273223 -2.525007 2.081599 -2.998185 -4.984706 5.200851 -4.326191 -5.749151 2.838449 -4.618483 0.296649 2.993925 -4.319268 1.260633 -3.004115 -14.715259
CU -12.182084 -10.341839 -9.400564 -4.033799 -8.252639 -6.829857 -4.326191 -2.780404 -7.852477 -2.205468 -9.083927 -4.449605 -4.367149 -4.616948 -6.376702 -5.365342 -14.715259
GA -7.196477 -7.788389 -9.309859 -3.914444 -7.808572 -12.227284 -5.749151 -7.852477 -1.676206 -2.641659 -9.103235 -6.399163 -4.62304 -7.17515 -7.765229 -10.257248 -14.715259
GC -5.1267 -2.744093 -5.892476 2.909999 -5.251188 -3.522321 2.838449 -2.205468 -2.641659 5.496056 -4.538097 1.445735 1.990012 -3.94039 0.348946 -2.840078 -14.715259
GG -9.25665 -10.032955 -4.546348 -4.703337 -11.107627 -12.095426 -4.618483 -9.083927 -9.103235 -4.538097 -2.121235 -5.690294 -6.107148 -10.66514 -4.265491 -5.116918 -14.715259
GU -6.150642 -4.579648 -7.065862 0.760609 -6.105457 -6.709444 0.296649 -4.449605 -6.399163 1.445735 -5.690294 3.291127 0.089157 -4.725416 -1.330361 -2.675022 -14.715259
UA -2.50804 -5.240062 -2.836635 1.916038 -2.815869 -6.061146 2.993925 -4.367149 -4.62304 1.990012 -6.107148 0.089157 4.69501 -3.494389 1.065249 -1.616379 -14.715259
UC -11.293492 -8.802055 -8.016485 -4.201708 -7.571364 -8.447139 -4.319268 -4.616948 -7.17515 -3.94039 -10.66514 -4.725416 -3.494389 -4.00793 -4.282265 -6.175548 -14.715259
UG -3.6474 -6.966146 -5.7678 -0.366015 -6.08866 -8.004082 1.260633 -6.376702 -7.765229 0.348946 -4.265491 -1.330361 1.065249 -4.282265 3.167771 -3.659601 -14.715259
UU -8.928745 -8.156342 -9.991753 -2.38278 -8.839702 -6.389603 -3.004115 -5.365342 -10.257248 -2.840078 -5.116918 -2.675022 -1.616379 -6.175548 -3.659601 -0.767236 -14.715259
NN -14.715259 -14.715259 -14.715259 -14.715259 -14.715259 -14.715259 -14.715259 -14.715259 -14.715259 -14.715259 -14.715259 -14.715259 -14.715259 -14.715259 -14.715259 -14.715259 -14.715259
