 AA AC AG AU CA CC CG CU GA GC GG GU UA UC UG UU NN
AA -2.587899 -8.458592 -8.810812 -5.088089 -10.045289 -13.446125 -3.873207 -12.094083 -6.613132 -5.227304 -9.683692 -6.521248 -2.483025 -12.253421 -3.545078 -8.852354 -15.13259
AC -8.458592 -1.846815 -9.587535 -1.649627 -10.544356 -8.860155 -5.481568 -10.676846 -7.164101 -2.71442 -10.380432 -4.926418 -5.613454 -8.871867 -7.166997 -8.379313 -15.13259
AG -8.810812 -9.587535 -1.318851 -6.061853 -10.640449 -15.13259 -2.575222 -9.3549 -9.384077 -6.29143 -4.220292 -7.117949 -2.824705 -8.007613 -5.823471 -9.78007 -15.13259
AU -5.088089 -1.649627 -6.061853 4.263387 -5.782822 -2.381979 2.023725 -4.177333 -3.783005 2.871325 -4.931284 0.744426 1.874645 -4.548029 -0.39723 -2.453383 -15.13259
CA -10.045289 -10.544356 -10.640449 -5.782822 -6.196852 -11.690593 -3.244899 -8.316669 -7.778716 -5.402477 -11.477405 -6.204876 -2.905198 -8.021308 -6.214516 -8.837371 -15.13259
CC -13.446125 -8.860155 -15.13259 -2.381979 -11.690593 -3.456622 -5.078284 -6.857889 -12.908259 -3.75937 -12.078083 -7.108704 -6.482119 -8.942336 -8.31036 -6.631771 -15.13259
CG -3.873207 -5.481568 -2.575222 2.023725 -3.244899 -5.078284 5.218216 -4.389106 -6.029013 2.791218 -4.718536 0.242243 2.920623 -4.349886 1.186311 -3.004941 -15.13259
CU -12.094083 -10.676846 -9.3549 -4.177333 -8.316669 -6.857889 -4.389106 -2.550595 -7.133055 -2.208536 -9.1489 -4.410281 -4.366015 -4.660109 -6.513804 -5.415848 -15.13259
GA -6.613132 -7.164101 -9.384077 -3.783005 -7.778716 -12.908259 -6.029013 -7.133055 -1.615152 -2.577655 -9.992283 -6.183571 -4.870552 -6.972116 -7.666446 -10.147743 -15.13259
GC -5.227304 -2.71442 -6.29143 2.871325 -5.402477 -3.75937 2.791218 -2.208536 -2.577655 5.484415 -4.791854 1.420217 1.877841 -4.178657 0.323492 -3.046273 -15.13259
GG -9.683692 -10.380432 -4.220292 -4.931284 -11.477405 -12.078083 -4.718536 -9.1489 -9.992283 -4.791854 -2.306206 -5.531778 -6.33789 -10.566929 -4.341909 -5.018111 -15.13259
GU -6.521248 -4.926418 -7.117949 0.744426 -6.204876 -7.108704 0.242243 -4.410281 -6.183571 1.420217 -5.531778 3.324288 0.05794 -4.61077 -1.266778 -2.56593 -15.13259
UA -2.483025 -5.613454 -2.824705 1.874645 -2.905198 -6.482119 2.920623 -4.366015 -4.870552 1.877841 -6.33789 0.05794 4.734009 -3.528083 1.045284 -1.580638 -15.13259
UC -12.253421 -8.871867 -8.007613 -4.548029 -8.021308 -8.942336 -4.349886 -4.660109 -6.972116 -4.178657 -10.566929 -4.61077 -3.528083 -4.128922 -4.221359 -5.890467 -15.13259
UG -3.545078 -7.166997 -5.823471 -0.39723 -6.214516 -8.31036 1.186311 -6.513804 -7.666446 0.323492 -4.341909 -1.266778 1.045284 -4.221359 3.194774 -3.663674 -15.13259
UU -8.852354 -8.379313 -9.78007 -2.453383 -8.837371 -6.631771 -3.004941 -5.415848 -10.147743 -3.046273 -5.018111 -2.56593 -1.580638 -5.890467 -3.663674 -0.699242 -15.13259
NN -15.13259 -15.13259 -15.13259 -15.13259 -15.13259 -15.13259 -15.13259 -15.13259 -15.13259 -15.13259 -15.13259 -15.13259 -15.13259 -15.13259 -15.13259 -15.13259 -15.13259
