 AA AC AG AU CA CC CG CU GA GC GG GU UA UC UG UU NN
AA -3.691411 -5.687718 -10.783867 -4.1244 -11.755944 -12.34448 -3.765029 -12.037497 -9.352774 -4.946645 -12.143269 -5.493316 -3.455267 -12.480571 -3.590602 -10.813438 -12.635313
AC -5.687718 -1.895 -8.842194 -1.80291 -10.502793 -6.221171 -4.025937 -9.377321 -7.934986 -2.471695 -9.72017 -3.843622 -3.258805 -9.668333 -5.552823 -8.641475 -12.635313
AG -10.783867 -8.842194 -2.783431 -4.491378 -11.175113 -12.635313 -1.885672 -10.832218 -7.176307 -4.215454 -5.076046 -6.965844 -2.493377 -9.895569 -5.755802 -7.869184 -12.635313
AU -4.1244 -1.80291 -4.491378 3.76506 -5.348789 -2.425155 2.41473 -3.267885 -3.507886 3.293261 -4.951777 0.958966 2.02733 -4.395315 -0.046937 -2.993963 -12.635313
CA -11.755944 -10.502793 -11.175113 -5.348789 -5.898668 -9.493774 -2.232799 -8.418707 -9.189422 -4.312768 -11.068157 -6.351994 -3.138126 -8.863678 -6.088884 -8.983277 -12.635313
CC -12.34448 -6.221171 -12.635313 -2.425155 -9.493774 -3.820261 -3.445636 -4.801899 -9.200873 -2.587191 -10.692951 -5.429058 -4.236415 -7.250402 -6.021674 -5.536981 -12.635313
CG -3.765029 -4.025937 -1.885672 2.41473 -2.232799 -3.445636 5.297308 -4.146112 -4.446487 3.203174 -3.904212 0.647462 3.365634 -3.822284 1.612614 -2.175496 -12.635313
CU -12.037497 -9.377321 -10.832218 -3.267885 -8.418707 -4.801899 -4.146112 -3.43229 -8.617572 -2.539831 -6.814941 -4.302094 -3.301801 -5.082125 -5.105925 -6.20076 -12.635313
GA -9.352774 -7.934986 -7.176307 -3.507886 -9.189422 -9.200873 -4.446487 -8.617572 -2.326007 -2.001352 -10.276257 -4.775592 -3.630549 -8.47699 -7.755509 -8.43168 -12.635313
GC -4.946645 -2.471695 -4.215454 3.293261 -4.312768 -2.587191 3.203174 -2.539831 -2.001352 5.651535 -3.740881 1.911555 2.583077 -3.463624 0.843948 -2.432212 -12.635313
GG -12.143269 -9.72017 -5.076046 -4.951777 -11.068157 -10.692951 -3.904212 -6.814941 -10.276257 -3.740881 -2.5806 -4.819981 -5.055644 -9.679619 -4.311436 -7.816174 -12.635313
GU -5.493316 -3.843622 -6.965844 0.958966 -6.351994 -5.429058 0.647462 -4.302094 -4.775592 1.911555 -4.819981 2.96858 0.330731 -4.701987 -1.033009 -3.288049 -12.635313
UA -3.455267 -3.258805 -2.493377 2.02733 -3.138126 -4.236415 3.365634 -3.301801 -3.630549 2.583077 -5.055644 0.330731 4.109358 -3.013087 1.134322 -1.824856 -12.635313
UC -12.480571 -9.668333 -9.895569 -4.395315 -8.863678 -7.250402 -3.822284 -5.082125 -8.47699 -3.463624 -9.679619 -4.701987 -3.013087 -4.9616 -3.339467 -7.221689 -12.635313
UG -3.590602 -5.552823 -5.755802 -0.046937 -6.088884 -6.021674 1.612614 -5.105925 -7.755509 0.843948 -4.311436 -1.033009 1.134322 -3.339467 2.763789 -2.721909 -12.635313
UU -10.813438 -8.641475 -7.869184 -2.993963 -8.983277 -5.536981 -2.175496 -6.20076 -8.43168 -2.432212 -7.816174 -3.288049 -1.824856 -7.221689 -2.721909 -1.614593 -12.635313
NN -12.635313 -12.635313 -12.635313 -12.635313 -12.635313 -12.635313 -12.635313 -12.635313 -12.635313 -12.635313 -12.635313 -12.635313 -12.635313 -12.635313 -12.635313 -12.635313 -12.635313
