 AA AC AG AU CA CC CG CU GA GC GG GU UA UC UG UU NN
AA -2.991425 -8.659196 -9.057261 -5.312449 -10.29675 -11.628466 -3.910937 -12.394819 -6.857478 -4.08982 -9.691038 -6.430034 -2.378152 -12.56417 -3.827234 -9.327631 -15.094043
AC -8.659196 -1.93556 -9.684569 -1.911673 -10.626449 -8.791148 -5.291498 -10.809358 -7.261273 -2.612948 -10.324948 -5.055824 -4.211046 -9.019977 -7.306073 -8.714806 -15.094043
AG -9.057261 -9.684569 -1.40994 -6.06251 -10.734335 -15.094043 -2.50271 -9.499034 -9.488629 -6.06551 -4.164875 -7.237305 -2.32996 -8.146606 -5.958381 -10.107594 -15.094043
AU -5.312449 -1.911673 -6.06251 3.851873 -5.28584 -2.492023 2.2717 -4.445639 -4.056113 2.990522 -5.042918 0.744812 1.873487 -4.83808 -0.052465 -2.97059 -15.094043
CA -10.29675 -10.626449 -10.734335 -5.28584 -6.286815 -11.622638 -3.164021 -8.393144 -7.832576 -4.92195 -11.420786 -6.239707 -3.104078 -8.151401 -6.321753 -9.18404 -15.094043
CC -11.628466 -8.791148 -15.094043 -2.492023 -11.622638 -3.222928 -4.840509 -6.816239 -12.814732 -3.522209 -11.840457 -7.042913 -6.410257 -8.928358 -8.286171 -6.827679 -15.094043
CG -3.910937 -5.291498 -2.50271 2.2717 -3.164021 -4.840509 5.452905 -4.353649 -5.957281 3.096189 -4.482013 0.445104 3.138131 -4.311064 1.290204 -3.189415 -15.094043
CU -12.394819 -10.809358 -9.499034 -4.445639 -8.393144 -6.816239 -4.353649 -2.734897 -7.257934 -2.164612 -9.136388 -4.578332 -4.592953 -4.835151 -6.651977 -5.815372 -15.094043
GA -6.857478 -7.261273 -9.488629 -4.056113 -7.832576 -12.814732 -5.957281 -7.257934 -1.706348 -2.502782 -9.839444 -6.316557 -5.125622 -7.08705 -7.794812 -10.493874 -15.094043
GC -4.08982 -2.612948 -6.06551 2.990522 -4.92195 -3.522209 3.096189 -2.164612 -2.502782 5.724476 -4.565668 1.501461 2.132803 -4.137738 0.385466 -3.215391 -15.094043
GG -9.691038 -10.324948 -4.164875 -5.042918 -11.420786 -11.840457 -4.482013 -9.136388 -9.839444 -4.565668 -2.098152 -5.52467 -6.293157 -10.536513 -4.330789 -5.206727 -15.094043
GU -6.430034 -5.055824 -7.237305 0.744812 -6.239707 -7.042913 0.445104 -4.578332 -6.316557 1.501461 -5.52467 3.155826 0.309926 -4.775552 -1.397979 -2.941872 -15.094043
UA -2.378152 -4.211046 -2.32996 1.873487 -3.104078 -6.410257 3.138131 -4.592953 -5.125622 2.132803 -6.293157 0.309926 4.368814 -3.814687 0.9484 -2.069726 -15.094043
UC -12.56417 -9.019977 -8.146606 -4.83808 -8.151401 -8.928358 -4.311064 -4.835151 -7.08705 -4.137738 -10.536513 -4.775552 -3.814687 -4.294055 -4.372547 -6.28283 -15.094043
UG -3.827234 -7.306073 -5.958381 -0.052465 -6.321753 -8.286171 1.290204 -6.651977 -7.794812 0.385466 -4.330789 -1.397979 0.9484 -4.372547 3.004188 -4.013877 -15.094043
UU -9.327631 -8.714806 -10.107594 -2.97059 -9.18404 -6.827679 -3.189415 -5.815372 -10.493874 -3.215391 -5.206727 -2.941872 -2.069726 -6.28283 -4.013877 -1.294939 -15.094043
NN -15.094043 -15.094043 -15.094043 -15.094043 -15.094043 -15.094043 -15.094043 -15.094043 -15.094043 -15.094043 -15.094043 -15.094043 -15.094043 -15.094043 -15.094043 -15.094043 -15.094043
