 AA AC AG AU CA CC CG CU GA GC GG GU UA UC UG UU NN
AA -3.676489 -6.11519 -11.00203 -4.472441 -10.587916 -12.627396 -3.495895 -11.897088 -9.576412 -4.969223 -12.340348 -5.383037 -3.264096 -12.604929 -3.792962 -10.795576 -12.731749
AC -6.11519 -1.655 -9.123025 -1.706385 -9.784718 -6.520411 -4.319587 -9.398832 -6.330495 -2.543659 -9.16891 -3.815224 -3.622962 -9.777201 -5.860195 -8.455076 -12.731749
AG -11.00203 -9.123025 -2.510874 -4.284594 -10.267154 -12.731749 -1.726187 -10.453106 -7.397097 -4.088167 -4.264072 -5.875014 -2.542592 -10.204013 -5.825507 -8.233182 -12.731749
AU -4.472441 -1.706385 -4.284594 3.800695 -4.878552 -2.330426 2.390351 -3.428148 -3.718972 3.276787 -4.279603 0.924515 2.014624 -4.291001 -0.017034 -2.736348 -12.731749
CA -10.587916 -9.784718 -10.267154 -4.878552 -5.673139 -9.868602 -2.246482 -8.590315 -6.534801 -4.174366 -10.592656 -5.344502 -3.088306 -8.510866 -6.029343 -8.921255 -12.731749
CC -12.627396 -6.520411 -12.731749 -2.330426 -9.868602 -3.115022 -3.361061 -5.054858 -9.419468 -2.468049 -10.933283 -5.293903 -4.395017 -7.610408 -6.310848 -5.347873 -12.731749
CG -3.495895 -4.319587 -1.726187 2.390351 -2.246482 -3.361061 5.286045 -3.919645 -4.235468 3.192765 -3.91314 0.636877 3.309747 -4.099989 1.565936 -2.206699 -12.731749
CU -11.897088 -9.398832 -10.453106 -3.428148 -8.590315 -5.054858 -3.919645 -3.014162 -8.940358 -2.379831 -7.217213 -4.211094 -3.502545 -5.409773 -5.061048 -6.459802 -12.731749
GA -9.576412 -6.330495 -7.397097 -3.718972 -6.534801 -9.419468 -4.235468 -8.940358 -2.23739 -1.963563 -10.227482 -4.980583 -3.624518 -8.827072 -7.680651 -8.793366 -12.731749
GC -4.969223 -2.543659 -4.088167 3.276787 -4.174366 -2.468049 3.192765 -2.379831 -1.963563 5.628519 -3.517902 1.905159 2.555402 -3.55776 0.803812 -2.383968 -12.731749
GG -12.340348 -9.16891 -4.264072 -4.279603 -10.592656 -10.933283 -3.91314 -7.217213 -10.227482 -3.517902 -2.492815 -4.724924 -5.048833 -9.922742 -4.232172 -7.177932 -12.731749
GU -5.383037 -3.815224 -5.875014 0.924515 -5.344502 -5.293903 0.636877 -4.211094 -4.980583 1.905159 -4.724924 2.960424 0.327997 -4.663282 -1.077966 -3.215866 -12.731749
UA -3.264096 -3.622962 -2.542592 2.014624 -3.088306 -4.395017 3.309747 -3.502545 -3.624518 2.555402 -5.048833 0.327997 4.157546 -3.246456 1.196221 -1.756972 -12.731749
UC -12.604929 -9.777201 -10.204013 -4.291001 -8.510866 -7.610408 -4.099989 -5.409773 -8.827072 -3.55776 -9.922742 -4.663282 -3.246456 -5.378074 -3.597646 -7.436974 -12.731749
UG -3.792962 -5.860195 -5.825507 -0.017034 -6.029343 -6.310848 1.565936 -5.061048 -7.680651 0.803812 -4.232172 -1.077966 1.196221 -3.597646 2.802181 -2.8136 -12.731749
UU -10.795576 -8.455076 -8.233182 -2.736348 -8.921255 -5.347873 -2.206699 -6.459802 -8.793366 -2.383968 -7.177932 -3.215866 -1.756972 -7.436974 -2.8136 -1.97904 -12.731749
NN -12.731749 -12.731749 -12.731749 -12.731749 -12.731749 -12.731749 -12.731749 -12.731749 -12.731749 -12.731749 -12.731749 -12.731749 -12.731749 -12.731749 -12.731749 -12.731749 -12.731749
