 AA AC AG AU CA CC CG CU GA GC GG GU UA UC UG UU NN
AA -1.773544 -4.200057 -9.616152 -4.115638 -9.921569 -12.735488 -5.487298 -10.470851 -7.793669 -4.821695 -11.107695 -6.470389 -3.297253 -11.495129 -4.55872 -9.357023 -12.735488
AC -4.200057 -0.924405 -7.264537 -2.199576 -8.958277 -5.044838 -3.9187 -9.060882 -7.18086 -3.885632 -10.864065 -3.330684 -3.346361 -8.698995 -5.723512 -7.533648 -12.735488
AG -9.616152 -7.264537 -1.338714 -3.898361 -10.96522 -12.515374 -3.03097 -10.521097 -6.001611 -3.900947 -4.450903 -5.80866 -4.780164 -9.449829 -5.176734 -10.659201 -12.735488
AU -4.115638 -2.199576 -3.898361 4.432066 -6.46652 -4.187839 1.560965 -4.005203 -3.213045 2.834472 -5.206409 0.906886 1.465281 -4.506579 -0.574795 -2.786539 -12.735488
CA -9.921569 -8.958277 -10.96522 -6.46652 -4.149743 -8.366808 -2.428331 -7.825042 -9.017313 -4.339721 -10.336042 -7.086965 -2.559505 -8.803726 -5.339712 -7.320209 -12.735488
CC -12.735488 -5.044838 -12.515374 -4.187839 -8.366808 -2.494244 -3.367614 -3.42383 -8.956839 -2.806133 -10.708216 -6.217972 -5.070476 -6.277361 -6.043875 -4.598509 -12.735488
CG -5.487298 -3.9187 -3.03097 1.560965 -2.428331 -3.367614 5.486138 -4.940222 -6.294837 2.063233 -3.826802 0.004711 2.843692 -3.627457 1.547146 -2.345825 -12.735488
CU -10.470851 -9.060882 -10.521097 -4.005203 -7.825042 -3.42383 -4.940222 -2.042119 -8.400385 -4.874555 -12.011828 -4.095322 -3.993722 -4.116755 -6.351142 -4.874127 -12.735488
GA -7.793669 -7.18086 -6.001611 -3.213045 -9.017313 -8.956839 -6.294837 -8.400385 -0.792787 -2.458005 -9.654959 -4.454552 -4.272556 -7.981846 -7.550129 -8.546134 -12.735488
GC -4.821695 -3.885632 -3.900947 2.834472 -4.339721 -2.806133 2.063233 -4.874555 -2.458005 5.73445 -3.652627 1.623409 1.637251 -4.066059 0.061452 -2.410943 -12.735488
GG -11.107695 -10.864065 -4.450903 -5.206409 -10.336042 -10.708216 -3.826802 -12.011828 -9.654959 -3.652627 -3.016763 -4.200851 -5.003317 -11.897403 -4.108099 -11.286303 -12.735488
GU -6.470389 -3.330684 -5.80866 0.906886 -7.086965 -6.217972 0.004711 -4.095322 -4.454552 1.623409 -4.200851 3.297077 -0.567464 -3.860388 -2.126571 -3.166958 -12.735488
UA -3.297253 -3.346361 -4.780164 1.465281 -2.559505 -5.070476 2.843692 -3.993722 -4.272556 1.637251 -5.003317 -0.567464 4.623333 -2.887393 1.174904 -3.383926 -12.735488
UC -11.495129 -8.698995 -9.449829 -4.506579 -8.803726 -6.277361 -3.627457 -4.116755 -7.981846 -4.066059 -11.897403 -3.860388 -2.887393 -4.253359 -4.250459 -5.576073 -12.735488
UG -4.55872 -5.723512 -5.176734 -0.574795 -5.339712 -6.043875 1.547146 -6.351142 -7.550129 0.061452 -4.108099 -2.126571 1.174904 -4.250459 3.272362 -4.367483 -12.735488
UU -9.357023 -7.533648 -10.659201 -2.786539 -7.320209 -4.598509 -2.345825 -4.874127 -8.546134 -2.410943 -11.286303 -3.166958 -3.383926 -5.576073 -4.367483 -0.434528 -12.735488
NN -12.735488 -12.735488 -12.735488 -12.735488 -12.735488 -12.735488 -12.735488 -12.735488 -12.735488 -12.735488 -12.735488 -12.735488 -12.735488 -12.735488 -12.735488 -12.735488 -12.735488
