 AA AC AG AU CA CC CG CU GA GC GG GU UA UC UG UU NN
AA -3.691323 -5.687648 -10.783801 -4.124301 -11.755873 -12.344428 -3.76498 -12.037415 -9.352708 -4.947335 -12.143224 -5.493239 -3.455998 -12.48049 -3.590525 -10.813328 -12.635282
AC -5.687648 -1.894948 -8.842145 -1.802829 -10.502741 -6.221136 -4.025906 -9.377257 -7.934937 -2.471664 -9.720143 -3.843562 -3.258851 -9.66827 -5.552764 -8.641383 -12.635282
AG -10.783801 -8.842145 -2.783386 -4.491301 -11.175065 -12.635282 -1.885645 -10.832159 -7.176262 -4.215427 -5.076023 -6.965788 -2.493539 -9.895509 -5.755747 -7.869096 -12.635282
AU -4.124301 -1.802829 -4.491301 3.765141 -5.351125 -2.425091 2.414638 -3.267793 -3.507846 3.29322 -4.951722 0.959006 2.027351 -4.395223 -0.047173 -2.993843 -12.635282
CA -11.755873 -10.502741 -11.175065 -5.351125 -5.898615 -9.493739 -2.232768 -8.418644 -9.189373 -4.312737 -11.06813 -6.354713 -3.138045 -8.863615 -6.088825 -8.983185 -12.635282
CC -12.344428 -6.221136 -12.635282 -2.425091 -9.493739 -3.820244 -3.445623 -4.801853 -9.200841 -2.587177 -10.692942 -5.429016 -4.236986 -7.250357 -6.021632 -5.536907 -12.635282
CG -3.76498 -4.025906 -1.885645 2.414638 -2.232768 -3.445623 5.297315 -4.146071 -4.44646 3.20316 -3.904207 0.64734 3.365528 -3.822242 1.612612 -2.175425 -12.635282
CU -12.037415 -9.377257 -10.832159 -3.267793 -8.418644 -4.801853 -4.146071 -3.432216 -8.617513 -2.53979 -6.814903 -4.302023 -3.30193 -5.082051 -5.105855 -6.200657 -12.635282
GA -9.352708 -7.934937 -7.176262 -3.507846 -9.189373 -9.200841 -4.44646 -8.617513 -2.325962 -2.001325 -10.276234 -4.775536 -3.630472 -8.47693 -7.756909 -8.431592 -12.635282
GC -4.947335 -2.471664 -4.215427 3.29322 -4.312737 -2.587177 3.20316 -2.53979 -2.001325 5.65153 -3.740876 1.911581 2.582956 -3.463582 0.843909 -2.432141 -12.635282
GG -12.143224 -9.720143 -5.076023 -4.951722 -11.06813 -10.692942 -3.904207 -6.814903 -10.276234 -3.740876 -2.580598 -4.819947 -5.055588 -9.679581 -4.311402 -7.816108 -12.635282
GU -5.493239 -3.843562 -6.965788 0.959006 -6.354713 -5.429016 0.64734 -4.302023 -4.775536 1.911581 -4.819947 2.968644 0.330654 -4.701917 -1.032958 -3.28795 -12.635282
UA -3.455998 -3.258851 -2.493539 2.027351 -3.138045 -4.236986 3.365528 -3.30193 -3.630472 2.582956 -5.055588 0.330654 4.109435 -3.012995 1.134318 -1.824736 -12.635282
UC -12.48049 -9.66827 -9.895509 -4.395223 -8.863615 -7.250357 -3.822242 -5.082051 -8.47693 -3.463582 -9.679581 -4.701917 -3.012995 -4.961526 -3.339396 -7.221587 -12.635282
UG -3.590525 -5.552764 -5.755747 -0.047173 -6.088825 -6.021632 1.612612 -5.105855 -7.756909 0.843909 -4.311402 -1.032958 1.134318 -3.339396 2.763853 -2.72181 -12.635282
UU -10.813328 -8.641383 -7.869096 -2.993843 -8.983185 -5.536907 -2.175425 -6.200657 -8.431592 -2.432141 -7.816108 -3.28795 -1.824736 -7.221587 -2.72181 -1.614461 -12.635282
NN -12.635282 -12.635282 -12.635282 -12.635282 -12.635282 -12.635282 -12.635282 -12.635282 -12.635282 -12.635282 -12.635282 -12.635282 -12.635282 -12.635282 -12.635282 -12.635282 -12.635282
