 AA AC AG AU CA CC CG CU GA GC GG GU UA UC UG UU NN
AA -0.600365 -8.773382 -7.691625 -5.34377 -10.02657 -14.805117 -6.917682 -12.793158 -6.214458 -5.41933 -9.815831 -7.672234 -5.9538 -13.280024 -7.926364 -9.641704 -14.805117
AC -8.773382 -0.069791 -9.510321 -3.685223 -11.121216 -8.281317 -6.385807 -11.574164 -11.811535 -3.604395 -11.932485 -6.584835 -7.535583 -9.350518 -9.49034 -9.124249 -14.805117
AG -7.691625 -9.510321 -0.50175 -6.704313 -11.531164 -13.459454 -5.62112 -12.548225 -7.424641 -7.073095 -6.350658 -6.982598 -7.66682 -12.306522 -6.433019 -10.749259 -14.805117
AU -5.34377 -3.685223 -6.704313 5.088479 -8.203706 -7.85964 -0.813215 -5.869193 -9.031737 1.021625 -7.316026 -0.650252 -1.214304 -6.934604 -3.330683 -3.670327 -14.805117
CA -10.02657 -11.121216 -11.531164 -8.203706 -1.952381 -10.38482 -3.902797 -9.581859 -9.292997 -6.596887 -8.899031 -8.808534 -3.067469 -11.9011 -6.406073 -9.460649 -14.805117
CC -14.805117 -8.281317 -13.459454 -7.85964 -10.38482 -0.87443 -5.061743 -6.476224 -11.470944 -4.03961 -12.368356 -8.048423 -7.123411 -9.368532 -7.892427 -5.516308 -14.805117
CG -6.917682 -6.385807 -5.62112 -0.813215 -3.902797 -5.061743 5.897845 -5.081118 -8.088331 -0.025872 -5.092237 -2.011111 0.962483 -6.437717 0.594508 -4.952702 -14.805117
CU -12.793158 -11.574164 -12.548225 -5.869193 -9.581859 -6.476224 -5.081118 -0.809126 -13.247774 -6.921318 -12.152705 -6.364691 -6.728033 -6.406011 -8.334828 -6.474694 -14.805117
GA -6.214458 -11.811535 -7.424641 -9.031737 -9.292997 -11.470944 -8.088331 -13.247774 -0.513716 -5.911167 -8.575944 -5.785155 -6.575443 -13.882578 -8.723623 -13.804494 -14.805117
GC -5.41933 -3.604395 -7.073095 1.021625 -6.596887 -4.03961 -0.025872 -6.921318 -5.911167 6.011116 -4.765822 0.435946 -1.199821 -4.36846 -2.308882 -5.365468 -14.805117
GG -9.815831 -11.932485 -6.350658 -7.316026 -8.899031 -12.368356 -5.092237 -12.152705 -8.575944 -4.765822 -1.739529 -5.600673 -7.098335 -11.79199 -5.093245 -12.636237 -14.805117
GU -7.672234 -6.584835 -6.982598 -0.650252 -8.808534 -8.048423 -2.011111 -6.364691 -5.785155 0.435946 -5.600673 3.832194 -3.516038 -4.948064 -3.285985 -5.144407 -14.805117
UA -5.9538 -7.535583 -7.66682 -1.214304 -3.067469 -7.123411 0.962483 -6.728033 -6.575443 -1.199821 -7.098335 -3.516038 5.245249 -5.272253 -0.541675 -4.648725 -14.805117
UC -13.280024 -9.350518 -12.306522 -6.934604 -11.9011 -9.368532 -6.437717 -6.406011 -13.882578 -4.36846 -11.79199 -4.948064 -5.272253 -1.618135 -6.427417 -5.130974 -14.805117
UG -7.926364 -9.49034 -6.433019 -3.330683 -6.406073 -7.892427 0.594508 -8.334828 -8.723623 -2.308882 -5.093245 -3.285985 -0.541675 -6.427417 3.793554 -5.565084 -14.805117
UU -9.641704 -9.124249 -10.749259 -3.670327 -9.460649 -5.516308 -4.952702 -6.474694 -13.804494 -5.365468 -12.636237 -5.144407 -4.648725 -5.130974 -5.565084 0.419512 -14.805117
NN -14.805117 -14.805117 -14.805117 -14.805117 -14.805117 -14.805117 -14.805117 -14.805117 -14.805117 -14.805117 -14.805117 -14.805117 -14.805117 -14.805117 -14.805117 -14.805117 -14.805117
