 AA AC AG AU CA CC CG CU GA GC GG GU UA UC UG UU NN
AA -2.158123 -8.024885 -8.417676 -4.489449 -9.631659 -14.469915 -5.026874 -12.166714 -6.399025 -4.938407 -9.897767 -6.377233 -4.818593 -12.165372 -6.408279 -8.950106 -14.781552
AC -8.024885 -1.928334 -9.432708 -2.226311 -10.187554 -9.312537 -5.84971 -10.812964 -10.346143 -3.801559 -12.26206 -4.888311 -5.771488 -8.776606 -7.404258 -8.132624 -14.781552
AG -8.417676 -9.432708 -0.850244 -5.423974 -10.738168 -14.781552 -3.877555 -9.108982 -9.024395 -5.520246 -5.582264 -6.902606 -4.725952 -8.500257 -5.946599 -10.645217 -14.781552
AU -4.489449 -2.226311 -5.423974 4.494256 -5.976108 -6.776316 1.614981 -5.604771 -5.781504 2.675783 -6.189632 0.560034 1.592222 -5.225681 -0.516533 -3.226053 -14.781552
CA -9.631659 -10.187554 -10.738168 -5.976108 -5.483484 -11.271683 -3.952448 -7.805486 -8.744802 -6.024021 -11.06291 -8.214865 -2.606293 -7.538381 -6.347865 -8.568444 -14.781552
CC -14.469915 -9.312537 -14.781552 -6.776316 -11.271683 -2.819299 -5.209854 -6.25086 -13.717421 -3.934914 -12.395458 -7.818441 -6.988575 -8.472372 -8.521081 -6.143726 -14.781552
CG -5.026874 -5.84971 -3.877555 1.614981 -3.952448 -5.209854 5.490138 -4.956872 -5.813831 2.021383 -4.568817 -0.393015 2.675306 -4.696239 1.227815 -3.878479 -14.781552
CU -12.166714 -10.812964 -9.108982 -5.604771 -7.805486 -6.25086 -4.956872 -2.001586 -6.794924 -5.995057 -13.552902 -6.00899 -3.685382 -4.110077 -7.556531 -4.927802 -14.781552
GA -6.399025 -10.346143 -9.024395 -5.781504 -8.744802 -13.717421 -5.813831 -6.794924 -1.119117 -4.499627 -9.706593 -5.228543 -5.502861 -6.568939 -7.893058 -11.879121 -14.781552
GC -4.938407 -3.801559 -5.520246 2.675783 -6.024021 -3.934914 2.021383 -5.995057 -4.499627 5.726645 -4.600911 1.194093 1.479651 -4.796341 -0.159291 -4.230869 -14.781552
GG -9.897767 -12.26206 -5.582264 -6.189632 -11.06291 -12.395458 -4.568817 -13.552902 -9.706593 -4.600911 -2.17108 -4.888075 -6.166906 -11.94487 -4.309335 -11.788362 -14.781552
GU -6.377233 -4.888311 -6.902606 0.560034 -8.214865 -7.818441 -0.393015 -6.00899 -5.228543 1.194093 -4.888075 3.471617 -0.663762 -5.349589 -2.241133 -5.073131 -14.781552
UA -4.818593 -5.771488 -4.725952 1.592222 -2.606293 -6.988575 2.675306 -3.685382 -5.502861 1.479651 -6.166906 -0.663762 4.926645 -3.117544 0.981007 -2.990231 -14.781552
UC -12.165372 -8.776606 -8.500257 -5.225681 -7.538381 -8.472372 -4.696239 -4.110077 -6.568939 -4.796341 -11.94487 -5.349589 -3.117544 -3.460062 -3.246048 -5.364374 -14.781552
UG -6.408279 -7.404258 -5.946599 -0.516533 -6.347865 -8.521081 1.227815 -7.556531 -7.893058 -0.159291 -4.309335 -2.241133 0.981007 -3.246048 3.353107 -3.873768 -14.781552
UU -8.950106 -8.132624 -10.645217 -3.226053 -8.568444 -6.143726 -3.878479 -4.927802 -11.879121 -4.230869 -11.788362 -5.073131 -2.990231 -5.364374 -3.873768 -0.219661 -14.781552
NN -14.781552 -14.781552 -14.781552 -14.781552 -14.781552 -14.781552 -14.781552 -14.781552 -14.781552 -14.781552 -14.781552 -14.781552 -14.781552 -14.781552 -14.781552 -14.781552 -14.781552
