 AA AC AG AU CA CC CG CU GA GC GG GU UA UC UG UU NN
AA -3.341564 -7.483151 -8.649262 -4.566247 -9.554474 -12.855593 -3.692626 -12.512147 -7.492917 -5.203603 -8.740024 -5.988734 -2.63816 -11.713578 -3.794816 -8.657767 -14.402682
AC -7.483151 -2.087537 -9.410694 -1.646764 -10.018747 -8.786042 -5.059053 -10.067496 -7.558028 -2.846466 -10.11189 -4.462973 -4.74481 -8.845559 -6.738266 -8.257393 -14.402682
AG -8.649262 -9.410694 -1.494284 -5.338112 -10.426152 -14.402682 -2.51876 -9.182152 -8.797351 -5.61421 -4.551411 -6.831711 -2.818026 -8.116436 -5.85136 -9.73227 -14.402682
AU -4.566247 -1.646764 -5.338112 4.086286 -5.244652 -2.734699 2.155098 -3.970373 -3.753915 2.989515 -4.561534 0.786773 1.952756 -4.168196 -0.241144 -2.430073 -14.402682
CA -9.554474 -10.018747 -10.426152 -5.244652 -5.859129 -10.620612 -2.822494 -8.78061 -7.278385 -5.026928 -11.278835 -6.06379 -2.655019 -7.662651 -5.843649 -9.062363 -14.402682
CC -12.855593 -8.786042 -14.402682 -2.734699 -10.620612 -4.285389 -4.827403 -6.351991 -11.331611 -3.336309 -11.360709 -6.74743 -5.76721 -8.028519 -7.673525 -6.052018 -14.402682
CG -3.692626 -5.059053 -2.51876 2.155098 -2.822494 -4.827403 5.20081 -4.486868 -5.31613 2.915316 -4.545961 0.354168 3.060573 -4.344488 1.337824 -3.026672 -14.402682
CU -12.512147 -10.067496 -9.182152 -3.970373 -8.78061 -6.351991 -4.486868 -3.097908 -8.268676 -2.279126 -9.348159 -4.490424 -4.501548 -4.622697 -6.418177 -5.991101 -14.402682
GA -7.492917 -7.558028 -8.797351 -3.753915 -7.278385 -11.331611 -5.31613 -8.268676 -1.765875 -2.584991 -8.652007 -6.130701 -4.678934 -7.291506 -7.596538 -10.237029 -14.402682
GC -5.203603 -2.846466 -5.61421 2.989515 -5.026928 -3.336309 2.915316 -2.279126 -2.584991 5.508716 -4.172024 1.508214 2.125245 -3.810421 0.438998 -2.713108 -14.402682
GG -8.740024 -10.11189 -4.551411 -4.561534 -11.278835 -11.360709 -4.545961 -9.348159 -8.652007 -4.172024 -2.066909 -5.473971 -5.775833 -10.401271 -4.361945 -5.426115 -14.402682
GU -5.988734 -4.462973 -6.831711 0.786773 -6.06379 -6.74743 0.354168 -4.490424 -6.130701 1.508214 -5.473971 3.229071 0.124544 -4.732831 -1.3049 -2.821684 -14.402682
UA -2.63816 -4.74481 -2.818026 1.952756 -2.655019 -5.76721 3.060573 -4.501548 -4.678934 2.125245 -5.775833 0.124544 4.601342 -3.409881 1.11192 -1.711579 -14.402682
UC -11.713578 -8.845559 -8.116436 -4.168196 -7.662651 -8.028519 -4.344488 -4.622697 -7.291506 -3.810421 -10.401271 -4.732831 -3.409881 -4.007799 -4.218655 -6.819567 -14.402682
UG -3.794816 -6.738266 -5.85136 -0.241144 -5.843649 -7.673525 1.337824 -6.418177 -7.596538 0.438998 -4.361945 -1.3049 1.11192 -4.218655 3.106946 -3.642957 -14.402682
UU -8.657767 -8.257393 -9.73227 -2.430073 -9.062363 -6.052018 -3.026672 -5.991101 -10.237029 -2.713108 -5.426115 -2.821684 -1.711579 -6.819567 -3.642957 -0.931249 -14.402682
NN -14.402682 -14.402682 -14.402682 -14.402682 -14.402682 -14.402682 -14.402682 -14.402682 -14.402682 -14.402682 -14.402682 -14.402682 -14.402682 -14.402682 -14.402682 -14.402682 -14.402682
