 AA AC AG AU CA CC CG CU GA GC GG GU UA UC UG UU NN
AA -1.703145 -8.211591 -8.040203 -4.756908 -10.012751 -14.266123 -5.254592 -12.088621 -5.977747 -4.739147 -9.943507 -6.361926 -4.748701 -12.079609 -6.331764 -8.53774 -14.944294
AC -8.211591 -1.725132 -9.20356 -2.105388 -9.994887 -9.178498 -5.924383 -11.162301 -10.288542 -3.827728 -12.644759 -5.98255 -6.108603 -8.820282 -7.719497 -7.963526 -14.944294
AG -8.040203 -9.20356 -0.603006 -6.014027 -10.679351 -14.944294 -4.932505 -8.737385 -9.287549 -6.441716 -5.497689 -6.951016 -6.691594 -8.158144 -5.724277 -10.520543 -14.944294
AU -4.756908 -2.105388 -6.014027 4.667685 -6.247342 -7.141924 1.386009 -5.847668 -6.36341 2.497235 -6.338763 0.408832 1.321993 -5.60362 -0.788403 -3.103611 -14.944294
CA -10.012751 -9.994887 -10.679351 -6.247342 -5.445048 -11.501062 -3.922886 -7.530077 -8.665794 -6.238581 -11.664405 -8.535328 -2.630317 -7.341975 -6.306437 -8.229087 -14.944294
CC -14.266123 -9.178498 -14.944294 -7.141924 -11.501062 -2.598791 -5.391205 -6.214233 -13.820173 -4.132315 -12.298865 -8.271675 -7.465565 -8.472784 -8.996709 -6.311603 -14.944294
CG -5.254592 -5.924383 -4.932505 1.386009 -3.922886 -5.391205 5.471921 -4.931516 -6.672951 1.691269 -4.507889 -0.67152 2.489035 -4.64871 1.122412 -4.05272 -14.944294
CU -12.088621 -11.162301 -8.737385 -5.847668 -7.530077 -6.214233 -4.931516 -1.684884 -6.453816 -6.306902 -13.424512 -6.551935 -4.322171 -3.996025 -7.998916 -4.644843 -14.944294
GA -5.977747 -10.288542 -9.287549 -6.36341 -8.665794 -13.820173 -6.672951 -6.453816 -0.916635 -5.504109 -9.760613 -6.712992 -6.094447 -6.26789 -7.653393 -11.758867 -14.944294
GC -4.739147 -3.827728 -6.441716 2.497235 -6.238581 -4.132315 1.691269 -6.306902 -5.504109 5.672192 -4.920262 0.985053 1.195213 -4.95725 -0.276364 -4.475588 -14.944294
GG -9.943507 -12.644759 -5.497689 -6.338763 -11.664405 -12.298865 -4.507889 -13.424512 -9.760613 -4.920262 -2.097276 -5.856316 -6.345562 -11.842313 -4.121574 -11.746757 -14.944294
GU -6.361926 -5.98255 -6.951016 0.408832 -8.535328 -8.271675 -0.67152 -6.551935 -6.712992 0.985053 -5.856316 3.591458 -0.948852 -5.505561 -2.162804 -5.118361 -14.944294
UA -4.748701 -6.108603 -6.691594 1.321993 -2.630317 -7.465565 2.489035 -4.322171 -6.094447 1.195213 -6.345562 -0.948852 5.087487 -2.990877 0.941894 -3.783171 -14.944294
UC -12.079609 -8.820282 -8.158144 -5.60362 -7.341975 -8.472784 -4.64871 -3.996025 -6.26789 -4.95725 -11.842313 -5.505561 -2.990877 -3.318828 -5.118118 -5.083615 -14.944294
UG -6.331764 -7.719497 -5.724277 -0.788403 -6.306437 -8.996709 1.122412 -7.998916 -7.653393 -0.276364 -4.121574 -2.162804 0.941894 -5.118118 3.474026 -4.575589 -14.944294
UU -8.53774 -7.963526 -10.520543 -3.103611 -8.229087 -6.311603 -4.05272 -4.644843 -11.758867 -4.475588 -11.746757 -5.118361 -3.783171 -5.083615 -4.575589 0.159259 -14.944294
NN -14.944294 -14.944294 -14.944294 -14.944294 -14.944294 -14.944294 -14.944294 -14.944294 -14.944294 -14.944294 -14.944294 -14.944294 -14.944294 -14.944294 -14.944294 -14.944294 -14.944294
