 AA AC AG AU CA CC CG CU GA GC GG GU UA UC UG UU NN
AA -2.355294 -7.557821 -8.126032 -4.251012 -8.835666 -14.52725 -4.820044 -12.934216 -6.721959 -5.016379 -8.356266 -5.687888 -4.097227 -11.276669 -6.253162 -8.89306 -15.685304
AC -7.557821 -2.108932 -8.824987 -2.102321 -9.413059 -10.501998 -6.116173 -10.854415 -9.852683 -3.799544 -11.491089 -5.76468 -5.672092 -8.901659 -7.077359 -7.747486 -15.685304
AG -8.126032 -8.824987 -0.715804 -5.418151 -10.685524 -15.685304 -4.880259 -9.848553 -9.413508 -5.957276 -5.378261 -6.791567 -6.422763 -8.534551 -5.971643 -11.122123 -15.685304
AU -4.251012 -2.102321 -5.418151 4.563444 -5.790615 -7.337798 1.549057 -5.490829 -5.749062 2.625458 -5.876731 0.531985 1.534412 -4.988158 -0.606662 -3.027405 -15.685304
CA -8.835666 -9.413059 -10.685524 -5.790615 -5.06701 -11.354745 -3.650774 -8.340775 -7.932092 -6.156342 -12.350309 -8.296244 -2.389011 -6.896786 -5.639069 -8.308832 -15.685304
CC -14.52725 -10.501998 -15.685304 -7.337798 -11.354745 -3.493331 -5.901624 -6.095001 -13.291554 -3.77534 -12.607492 -8.345586 -7.238731 -7.47438 -8.994955 -5.677681 -15.685304
CG -4.820044 -6.116173 -4.880259 1.549057 -3.650774 -5.901624 5.406728 -5.000364 -6.244224 1.8977 -4.679909 -0.424087 2.663807 -5.095401 1.277252 -4.167291 -15.685304
CU -12.934216 -10.854415 -9.848553 -5.490829 -8.340775 -6.095001 -5.000364 -2.118577 -7.459501 -6.089695 -14.208684 -6.396725 -4.745079 -3.795134 -7.534594 -5.242398 -15.685304
GA -6.721959 -9.852683 -9.413508 -5.749062 -7.932092 -13.291554 -6.244224 -7.459501 -1.040043 -5.406067 -8.879526 -6.399224 -6.342275 -6.345978 -7.502723 -12.234103 -15.685304
GC -5.016379 -3.799544 -5.957276 2.625458 -6.156342 -3.77534 1.8977 -6.089695 -5.406067 5.643514 -4.390806 1.082753 1.434674 -4.657499 -0.177236 -4.37946 -15.685304
GG -8.356266 -11.491089 -5.378261 -5.876731 -12.350309 -12.607492 -4.679909 -14.208684 -8.879526 -4.390806 -1.914013 -6.086848 -5.95616 -12.317831 -4.171845 -10.847474 -15.685304
GU -5.687888 -5.76468 -6.791567 0.531985 -8.296244 -8.345586 -0.424087 -6.396725 -6.399224 1.082753 -6.086848 3.5252 -0.6855 -5.917508 -2.128892 -4.754847 -15.685304
UA -4.097227 -5.672092 -6.422763 1.534412 -2.389011 -7.238731 2.663807 -4.745079 -6.342275 1.434674 -5.95616 -0.6855 5.036885 -2.905108 1.06577 -3.690007 -15.685304
UC -11.276669 -8.901659 -8.534551 -4.988158 -6.896786 -7.47438 -5.095401 -3.795134 -6.345978 -4.657499 -12.317831 -5.917508 -2.905108 -3.012097 -4.897683 -5.930529 -15.685304
UG -6.253162 -7.077359 -5.971643 -0.606662 -5.639069 -8.994955 1.277252 -7.534594 -7.502723 -0.177236 -4.171845 -2.128892 1.06577 -4.897683 3.414409 -4.553027 -15.685304
UU -8.89306 -7.747486 -11.122123 -3.027405 -8.308832 -5.677681 -4.167291 -5.242398 -12.234103 -4.37946 -10.847474 -4.754847 -3.690007 -5.930529 -4.553027 0.129519 -15.685304
NN -15.685304 -15.685304 -15.685304 -15.685304 -15.685304 -15.685304 -15.685304 -15.685304 -15.685304 -15.685304 -15.685304 -15.685304 -15.685304 -15.685304 -15.685304 -15.685304 -15.685304
