 AA AC AG AU CA CC CG CU GA GC GG GU UA UC UG UU NN
AA -0.92978 -9.189811 -8.699787 -4.979298 -9.65116 -12.631563 -5.764365 -11.607377 -5.873412 -5.121797 -10.554727 -6.521543 -4.753426 -12.196447 -6.803542 -8.294592 -14.265218
AC -9.189811 -0.740155 -8.598977 -2.556328 -10.584665 -7.780032 -5.627219 -11.321852 -9.718239 -3.673031 -12.203913 -5.649177 -6.232944 -8.400592 -7.643511 -7.25637 -14.265218
AG -8.699787 -8.598977 -0.557191 -5.550334 -10.363307 -14.265218 -4.452774 -10.248932 -9.242105 -6.573156 -4.834945 -6.806928 -7.037754 -9.137339 -5.646769 -10.885817 -14.265218
AU -4.979298 -2.556328 -5.550334 4.919276 -6.970217 -7.508023 0.538064 -5.39623 -7.308249 1.87765 -6.73803 0.226683 0.339567 -6.021792 -1.918976 -2.929056 -14.265218
CA -9.65116 -10.584665 -10.363307 -6.970217 -3.990758 -10.583307 -3.367863 -8.412549 -8.524009 -6.240404 -11.305717 -8.056029 -2.534231 -9.207987 -6.167891 -7.513144 -14.265218
CC -12.631563 -7.780032 -14.265218 -7.508023 -10.583307 -1.421995 -4.894433 -7.424749 -13.593098 -3.832905 -12.970952 -8.418815 -7.832566 -7.491521 -8.857565 -6.147093 -14.265218
CG -5.764365 -5.627219 -4.452774 0.538064 -3.367863 -4.894433 5.714313 -4.689918 -7.252046 1.042226 -4.77305 -1.307474 1.922369 -5.139947 0.867117 -4.195469 -14.265218
CU -11.607377 -11.321852 -10.248932 -5.39623 -8.412549 -7.424749 -4.689918 -0.997826 -9.038494 -6.693109 -11.955263 -6.378483 -5.570004 -4.549061 -7.670713 -5.867747 -14.265218
GA -5.873412 -9.718239 -9.242105 -7.308249 -8.524009 -13.593098 -7.252046 -9.038494 -0.706792 -5.719647 -9.063456 -6.102214 -6.205882 -8.616218 -7.94062 -13.252732 -14.265218
GC -5.121797 -3.673031 -6.573156 1.87765 -6.240404 -3.832905 1.042226 -6.693109 -5.719647 5.861517 -5.052959 0.723281 0.268791 -4.592054 -1.224263 -4.450686 -14.265218
GG -10.554727 -12.203913 -4.834945 -6.73803 -11.305717 -12.970952 -4.77305 -11.955263 -9.063456 -5.052959 -2.049197 -5.722888 -6.805263 -11.197236 -4.216641 -11.073241 -14.265218
GU -6.521543 -5.649177 -6.806928 0.226683 -8.056029 -8.418815 -1.307474 -6.378483 -6.102214 0.723281 -5.722888 3.681145 -1.866356 -4.822965 -2.700175 -4.801247 -14.265218
UA -4.753426 -6.232944 -7.037754 0.339567 -2.534231 -7.832566 1.922369 -5.570004 -6.205882 0.268791 -6.805263 -1.866356 5.166917 -4.325288 0.292659 -4.085689 -14.265218
UC -12.196447 -8.400592 -9.137339 -6.021792 -9.207987 -7.491521 -5.139947 -4.549061 -8.616218 -4.592054 -11.197236 -4.822965 -4.325288 -2.401857 -5.717827 -4.387879 -14.265218
UG -6.803542 -7.643511 -5.646769 -1.918976 -6.167891 -8.857565 0.867117 -7.670713 -7.94062 -1.224263 -4.216641 -2.700175 0.292659 -5.717827 3.635637 -4.774392 -14.265218
UU -8.294592 -7.25637 -10.885817 -2.929056 -7.513144 -6.147093 -4.195469 -5.867747 -13.252732 -4.450686 -11.073241 -4.801247 -4.085689 -4.387879 -4.774392 0.198099 -14.265218
NN -14.265218 -14.265218 -14.265218 -14.265218 -14.265218 -14.265218 -14.265218 -14.265218 -14.265218 -14.265218 -14.265218 -14.265218 -14.265218 -14.265218 -14.265218 -14.265218 -14.265218
