 AA AC AG AU CA CC CG CU GA GC GG GU UA UC UG UU NN
AA -2.835119 -8.541358 -9.170691 -4.959079 -9.971389 -13.464993 -3.824774 -11.940089 -6.945125 -5.179178 -9.662826 -6.415172 -2.489391 -11.833961 -3.647953 -8.89018 -14.748852
AC -8.541358 -2.062983 -9.338537 -1.624791 -10.361049 -8.795068 -5.34671 -10.613699 -7.670179 -2.701547 -10.14056 -4.681856 -5.399806 -8.905735 -7.122598 -8.299115 -14.748852
AG -9.170691 -9.338537 -1.333085 -5.886571 -10.348726 -14.748852 -2.561742 -9.49776 -9.633914 -6.115055 -4.364315 -7.082788 -2.84251 -7.962839 -5.781757 -9.534391 -14.748852
AU -4.959079 -1.624791 -5.886571 4.220298 -5.609864 -2.479254 2.054811 -4.126205 -3.860464 2.88894 -4.8051 0.740873 1.903224 -4.300595 -0.375929 -2.39826 -14.748852
CA -9.971389 -10.361049 -10.348726 -5.609864 -6.185353 -11.362645 -3.135358 -8.338384 -7.986707 -5.340311 -11.459883 -6.093638 -2.89937 -7.829675 -6.100712 -8.873775 -14.748852
CC -13.464993 -8.795068 -14.748852 -2.479254 -11.362645 -3.691902 -5.020678 -6.954605 -12.695773 -3.701671 -11.708762 -6.988455 -6.309555 -8.563579 -8.231923 -6.51174 -14.748852
CG -3.824774 -5.34671 -2.561742 2.054811 -3.135358 -5.020678 5.215642 -4.329437 -5.852783 2.81842 -4.659867 0.256557 2.955915 -4.273994 1.222551 -3.041381 -14.748852
CU -11.940089 -10.613699 -9.49776 -4.126205 -8.338384 -6.954605 -4.329437 -2.678564 -7.602224 -2.196978 -9.314287 -4.453787 -4.319265 -4.579429 -6.404861 -5.399764 -14.748852
GA -6.945125 -7.670179 -9.633914 -3.860464 -7.986707 -12.695773 -5.852783 -7.602224 -1.652299 -2.605592 -9.515064 -6.238518 -4.74208 -7.140764 -7.631529 -9.789279 -14.748852
GC -5.179178 -2.701547 -6.115055 2.88894 -5.340311 -3.701671 2.81842 -2.196978 -2.605592 5.500422 -4.642398 1.425603 1.936513 -4.064381 0.314737 -2.944246 -14.748852
GG -9.662826 -10.14056 -4.364315 -4.8051 -11.459883 -11.708762 -4.659867 -9.314287 -9.515064 -4.642398 -2.190077 -5.524767 -6.222157 -10.719536 -4.283804 -5.028161 -14.748852
GU -6.415172 -4.681856 -7.082788 0.740873 -6.093638 -6.988455 0.256557 -4.453787 -6.238518 1.425603 -5.524767 3.306074 0.091073 -4.570314 -1.32967 -2.626524 -14.748852
UA -2.489391 -5.399806 -2.84251 1.903224 -2.89937 -6.309555 2.955915 -4.319265 -4.74208 1.936513 -6.222157 0.091073 4.71191 -3.546414 1.045542 -1.584525 -14.748852
UC -11.833961 -8.905735 -7.962839 -4.300595 -7.829675 -8.563579 -4.273994 -4.579429 -7.140764 -4.064381 -10.719536 -4.570314 -3.546414 -3.990824 -4.243241 -6.026747 -14.748852
UG -3.647953 -7.122598 -5.781757 -0.375929 -6.100712 -8.231923 1.222551 -6.404861 -7.631529 0.314737 -4.283804 -1.32967 1.045542 -4.243241 3.180143 -3.683233 -14.748852
UU -8.89018 -8.299115 -9.534391 -2.39826 -8.873775 -6.51174 -3.041381 -5.399764 -9.789279 -2.944246 -5.028161 -2.626524 -1.584525 -6.026747 -3.683233 -0.739434 -14.748852
NN -14.748852 -14.748852 -14.748852 -14.748852 -14.748852 -14.748852 -14.748852 -14.748852 -14.748852 -14.748852 -14.748852 -14.748852 -14.748852 -14.748852 -14.748852 -14.748852 -14.748852
