 AA AC AG AU CA CC CG CU GA GC GG GU UA UC UG UU NN
AA -0.886414 -8.431871 -8.851788 -5.19597 -10.782188 -999.0 -7.196201 -13.734053 -7.328226 -6.468892 -10.502478 -7.816373 -5.704885 -12.62212 -7.388501 -10.738627 -999.0
AC -8.431871 -0.437914 -8.339331 -4.121324 -10.529202 -8.581952 -7.964372 -12.369381 -14.12019 -4.207076 -13.25563 -6.73561 -7.31834 -8.328303 -9.45254 -10.339509 -999.0
AG -8.851788 -8.339331 -0.369698 -6.927624 -11.203203 -14.274989 -5.922209 -11.801895 -10.327655 -8.931282 -7.291409 -9.218862 -7.74046 -13.305025 -6.047095 -9.659992 -999.0
AU -5.19597 -4.121324 -6.927624 5.166192 -7.876776 -8.965742 -1.17967 -5.861805 -8.665877 0.810313 -7.529598 -0.684323 -0.971018 -7.814356 -3.181913 -4.211934 -999.0
CA -10.782188 -10.529202 -11.203203 -7.876776 -2.404737 -10.001309 -4.246962 -9.942681 -9.566517 -7.764358 -10.660167 -9.187327 -3.485422 -13.355116 -6.814027 -10.899009 -999.0
CC -999.0 -8.581952 -14.274989 -8.965742 -10.001309 -1.575057 -5.067984 -8.319595 -13.039044 -4.449618 -12.364495 -9.489001 -8.767233 -8.476372 -8.808937 -7.423146 -999.0
CG -7.196201 -7.964372 -5.922209 -1.17967 -4.246962 -5.067984 5.805548 -5.531117 -8.701339 -0.872266 -5.370843 -2.843924 0.721953 -7.397593 0.095538 -5.579245 -999.0
CU -13.734053 -12.369381 -11.801895 -5.861805 -9.942681 -8.319595 -5.531117 -0.931223 -14.6804 -7.090477 -12.458899 -6.106388 -7.489607 -5.718861 -8.124236 -7.093511 -999.0
GA -7.328226 -14.12019 -10.327655 -8.665877 -9.566517 -13.039044 -8.701339 -14.6804 -0.602316 -6.233223 -8.885462 -6.20811 -6.790623 -15.001918 -9.829352 -14.108173 -999.0
GC -6.468892 -4.207076 -8.931282 0.810313 -7.764358 -4.449618 -0.872266 -7.090477 -6.233223 5.931378 -5.321105 -0.016743 -1.535167 -5.167492 -2.83374 -5.68855 -999.0
GG -10.502478 -13.25563 -7.291409 -7.529598 -10.660167 -12.364495 -5.370843 -12.458899 -8.885462 -5.321105 -1.734016 -5.98799 -7.719312 -12.594866 -5.791267 -10.335405 -999.0
GU -7.816373 -6.73561 -9.218862 -0.684323 -9.187327 -9.489001 -2.843924 -6.106388 -6.20811 -0.016743 -5.98799 3.878257 -3.034452 -7.33831 -3.770861 -5.420382 -999.0
UA -5.704885 -7.31834 -7.74046 -0.971018 -3.485422 -8.767233 0.721953 -7.489607 -6.790623 -1.535167 -7.719312 -3.034452 5.404453 -5.490907 -0.5545 -4.676693 -999.0
UC -12.62212 -8.328303 -13.305025 -7.814356 -13.355116 -8.476372 -7.397593 -5.718861 -15.001918 -5.167492 -12.594866 -7.33831 -5.490907 -1.340933 -5.901316 -5.426062 -999.0
UG -7.388501 -9.45254 -6.047095 -3.181913 -6.814027 -8.808937 0.095538 -8.124236 -9.829352 -2.83374 -5.791267 -3.770861 -0.5545 -5.901316 3.845609 -5.338742 -999.0
UU -10.738627 -10.339509 -9.659992 -4.211934 -10.899009 -7.423146 -5.579245 -7.093511 -14.108173 -5.68855 -10.335405 -5.420382 -4.676693 -5.426062 -5.338742 0.502788 -999.0
NN -999.0 -999.0 -999.0 -999.0 -999.0 -999.0 -999.0 -999.0 -999.0 -999.0 -999.0 -999.0 -999.0 -999.0 -999.0 -999.0 -999.0
