 AA AC AG AU CA CC CG CU GA GC GG GU UA UC UG UU NN
AA -2.192929 -8.094529 -8.476841 -4.893166 -9.699391 -13.601061 -4.060688 -12.155217 -6.373096 -5.008018 -9.630452 -6.332229 -3.177393 -12.088159 -4.272314 -8.804002 -14.903496
AC -8.094529 -1.763171 -9.5065 -1.872827 -10.280852 -9.222967 -5.66978 -10.816252 -8.122341 -3.241828 -11.164126 -4.721529 -5.736518 -8.720046 -7.243704 -8.218392 -14.903496
AG -8.476841 -9.5065 -0.952374 -5.879162 -10.710312 -14.903496 -3.289264 -9.205951 -9.097892 -6.327776 -4.655752 -6.923607 -3.474947 -8.374425 -5.815631 -10.156428 -14.903496
AU -4.893166 -1.872827 -5.879162 4.450556 -5.969209 -3.36753 1.800533 -4.582654 -4.391199 2.728003 -5.582166 0.622837 1.687414 -5.018928 -0.531358 -2.783063 -14.903496
CA -9.699391 -10.280852 -10.710312 -5.969209 -5.853444 -11.449076 -3.391398 -7.97146 -8.309818 -5.63011 -11.190339 -6.852973 -2.821997 -7.682389 -6.209984 -8.514905 -14.903496
CC -13.601061 -9.222967 -14.903496 -3.36753 -11.449076 -3.109379 -4.964092 -6.48065 -13.250102 -3.951434 -12.197929 -7.387244 -6.680039 -8.629407 -8.465307 -6.289235 -14.903496
CG -4.060688 -5.66978 -3.289264 1.800533 -3.391398 -4.964092 5.320939 -4.669623 -6.167464 2.402198 -4.682257 -0.087599 2.746798 -4.526889 1.176953 -3.232253 -14.903496
CU -12.155217 -10.816252 -9.205951 -4.582654 -7.97146 -6.48065 -4.669623 -2.175609 -6.856251 -3.107492 -10.09524 -5.053502 -4.463146 -4.282334 -7.002085 -5.038525 -14.903496
GA -6.373096 -8.122341 -9.097892 -4.391199 -8.309818 -13.250102 -6.167464 -6.856251 -1.246842 -3.250538 -9.825063 -6.153584 -5.232128 -6.658884 -7.620958 -10.856835 -14.903496
GC -5.008018 -3.241828 -6.327776 2.728003 -5.63011 -3.951434 2.402198 -3.107492 -3.250538 5.55872 -4.731579 1.273882 1.647779 -4.566396 0.099118 -3.561279 -14.903496
GG -9.630452 -11.164126 -4.655752 -5.582166 -11.190339 -12.197929 -4.682257 -10.09524 -9.825063 -4.731579 -2.211079 -5.469641 -6.25128 -10.991867 -4.365315 -6.374267 -14.903496
GU -6.332229 -4.721529 -6.923607 0.622837 -6.852973 -7.387244 -0.087599 -5.053502 -6.153584 1.273882 -5.469641 3.434257 -0.323242 -4.850024 -1.646084 -3.160753 -14.903496
UA -3.177393 -5.736518 -3.474947 1.687414 -2.821997 -6.680039 2.746798 -4.463146 -5.232128 1.647779 -6.25128 -0.323242 4.89228 -3.287262 1.02279 -2.27223 -14.903496
UC -12.088159 -8.720046 -8.374425 -5.018928 -7.682389 -8.629407 -4.526889 -4.282334 -6.658884 -4.566396 -10.991867 -4.850024 -3.287262 -3.743611 -4.359492 -5.507551 -14.903496
UG -4.272314 -7.243704 -5.815631 -0.531358 -6.209984 -8.465307 1.176953 -7.002085 -7.620958 0.099118 -4.365315 -1.646084 1.02279 -4.359492 3.323479 -3.853019 -14.903496
UU -8.804002 -8.218392 -10.156428 -2.783063 -8.514905 -6.289235 -3.232253 -5.038525 -10.856835 -3.561279 -6.374267 -3.160753 -2.27223 -5.507551 -3.853019 -0.293191 -14.903496
NN -14.903496 -14.903496 -14.903496 -14.903496 -14.903496 -14.903496 -14.903496 -14.903496 -14.903496 -14.903496 -14.903496 -14.903496 -14.903496 -14.903496 -14.903496 -14.903496 -14.903496
