 AA AC AG AU CA CC CG CU GA GC GG GU UA UC UG UU NN
AA -2.790779 -5.303692 -10.594901 -4.741533 -9.815315 -12.400361 -3.608183 -11.235179 -9.093442 -5.157723 -12.06403 -5.601639 -3.307224 -11.866221 -4.695842 -10.250081 -12.404281
AC -5.303692 -1.186507 -8.581738 -1.931277 -9.137121 -6.06556 -4.450944 -8.708227 -7.060655 -3.258443 -9.614483 -3.542975 -3.840916 -9.272196 -5.810403 -7.724743 -12.404281
AG -10.594901 -8.581738 -1.772883 -3.901794 -9.713664 -12.404281 -2.23099 -10.536531 -6.651518 -4.085125 -4.073645 -5.681327 -2.920355 -10.523016 -5.56976 -10.686947 -12.404281
AU -4.741533 -1.931277 -3.901794 4.118328 -4.919272 -3.210909 2.048058 -3.842852 -3.646443 3.151056 -4.377136 0.966471 1.817795 -4.213039 -0.185446 -2.682962 -12.404281
CA -9.815315 -9.137121 -9.713664 -4.919272 -4.92781 -9.191411 -2.484189 -8.082376 -8.558144 -4.271325 -10.057805 -5.571348 -2.824907 -7.990384 -5.642899 -8.158717 -12.404281
CC -12.400361 -6.06556 -12.404281 -3.210909 -9.191411 -2.483029 -3.311071 -4.366235 -9.755051 -2.254958 -10.980303 -5.190262 -4.410977 -6.990724 -5.92908 -4.612996 -12.404281
CG -3.608183 -4.450944 -2.23099 2.048058 -2.484189 -3.311071 5.373069 -4.160968 -4.25866 2.695258 -4.03361 0.279554 3.158556 -4.187852 1.515742 -2.417663 -12.404281
CU -11.235179 -8.708227 -10.536531 -3.842852 -8.082376 -4.366235 -4.160968 -2.362496 -9.235207 -3.330748 -11.237483 -3.970871 -3.673877 -5.313302 -5.365986 -5.697771 -12.404281
GA -9.093442 -7.060655 -6.651518 -3.646443 -8.558144 -9.755051 -4.25866 -9.235207 -1.493948 -2.418426 -9.847975 -4.843353 -3.623097 -9.153853 -7.472942 -9.842907 -12.404281
GC -5.157723 -3.258443 -4.085125 3.151056 -4.271325 -2.254958 2.695258 -3.330748 -2.418426 5.669928 -3.39801 1.827295 2.182109 -3.944068 0.40318 -2.424013 -12.404281
GG -12.06403 -9.614483 -4.073645 -4.377136 -10.057805 -10.980303 -4.03361 -11.237483 -9.847975 -3.39801 -2.715046 -4.371623 -4.9553 -10.896876 -4.009579 -8.360398 -12.404281
GU -5.601639 -3.542975 -5.681327 0.966471 -5.571348 -5.190262 0.279554 -3.970871 -4.843353 1.827295 -4.371623 3.073145 -0.086096 -4.366074 -1.621982 -3.025489 -12.404281
UA -3.307224 -3.840916 -2.920355 1.817795 -2.824907 -4.410977 3.158556 -3.673877 -3.623097 2.182109 -4.9553 -0.086096 4.405431 -3.295458 1.27045 -2.301393 -12.404281
UC -11.866221 -9.272196 -10.523016 -4.213039 -7.990384 -6.990724 -4.187852 -5.313302 -9.153853 -3.944068 -10.896876 -4.366074 -3.295458 -5.465422 -3.761274 -6.705291 -12.404281
UG -4.695842 -5.810403 -5.56976 -0.185446 -5.642899 -5.92908 1.515742 -5.365986 -7.472942 0.40318 -4.009579 -1.621982 1.27045 -3.761274 3.020633 -3.206442 -12.404281
UU -10.250081 -7.724743 -10.686947 -2.682962 -8.158717 -4.612996 -2.417663 -5.697771 -9.842907 -2.424013 -8.360398 -3.025489 -2.301393 -6.705291 -3.206442 -1.403967 -12.404281
NN -12.404281 -12.404281 -12.404281 -12.404281 -12.404281 -12.404281 -12.404281 -12.404281 -12.404281 -12.404281 -12.404281 -12.404281 -12.404281 -12.404281 -12.404281 -12.404281 -12.404281
