 AA AC AG AU CA CC CG CU GA GC GG GU UA UC UG UU NN
AA -1.681443 -9.157538 -9.468097 -9.37659 -999.0 -999.0 -12.142402 -13.693756 -8.474329 -9.203803 -10.557168 -12.447611 -9.741722 -999.0 -11.624489 -999.0 -999.0
AC -9.157538 -0.065535 -10.0644 -6.358366 -14.858033 -9.200426 -11.713614 -999.0 -999.0 -1.6845 -11.752871 -9.379413 -12.234325 -8.979566 -11.964375 -13.193801 -999.0
AG -9.468097 -10.0644 -1.049695 -9.253233 -12.504972 -999.0 -6.649583 -999.0 -9.883978 -10.29344 -9.479245 -12.78124 -10.790498 -12.326945 -9.049436 -14.385061 -999.0
AU -9.37659 -6.358366 -9.253233 4.681043 -11.234325 -12.358078 -3.631966 -8.248943 -14.563088 -1.766749 -9.112861 -2.37742 -3.797233 -9.608838 -6.2118 -7.630353 -999.0
CA -999.0 -14.858033 -12.504972 -11.234325 -2.471093 -9.937392 -4.70799 -12.680006 -13.312327 -10.839145 -10.109015 -13.549338 -6.345028 -10.358078 -9.776748 -12.930767 -999.0
CC -999.0 -9.200426 -999.0 -12.358078 -9.937392 -0.358857 -5.354089 -6.688976 -12.713614 -5.296142 -13.739121 -10.661118 -9.510081 -9.759365 -10.950625 -999.0 -999.0
CG -12.142402 -11.713614 -6.649583 -3.631966 -4.70799 -5.354089 7.077572 -5.858455 -9.665408 -1.803219 -5.76715 -4.2129 -1.725572 -9.313195 -0.890972 -8.890184 -999.0
CU -13.693756 -999.0 -999.0 -8.248943 -12.680006 -6.688976 -5.858455 -1.314627 -12.549338 -7.930725 -13.574844 -7.816722 -10.306276 -9.643998 -9.496841 -9.250239 -999.0
GA -8.474329 -999.0 -9.883978 -14.563088 -13.312327 -12.713614 -9.665408 -12.549338 -1.179664 -6.845981 -9.683604 -8.137383 -10.447611 -999.0 -11.888155 -999.0 -999.0
GC -9.203803 -1.6845 -10.29344 -1.766749 -10.839145 -5.296142 -1.803219 -7.930725 -6.845981 7.211991 -2.5141 -0.85599 -4.309341 -5.550694 -4.280223 -8.616423 -999.0
GG -10.557168 -11.752871 -9.479245 -9.112861 -10.109015 -13.739121 -5.76715 -13.574844 -9.683604 -2.5141 -0.732227 -7.537285 -15.588594 -999.0 -8.110275 -15.410567 -999.0
GU -12.447611 -9.379413 -12.78124 -2.37742 -13.549338 -10.661118 -4.2129 -7.816722 -8.137383 -0.85599 -7.537285 3.895929 -6.71028 -11.255833 -6.625933 -8.497376 -999.0
UA -9.741722 -12.234325 -10.790498 -3.797233 -6.345028 -9.510081 -1.725572 -10.306276 -10.447611 -4.309341 -15.588594 -6.71028 4.773986 -5.33349 -2.998704 -7.61336 -999.0
UC -999.0 -8.979566 -12.326945 -9.608838 -10.358078 -9.759365 -9.313195 -9.643998 -999.0 -5.550694 -999.0 -11.255833 -5.33349 0.204238 -5.446003 -6.870096 -999.0
UG -11.624489 -11.964375 -9.049436 -6.2118 -9.776748 -10.950625 -0.890972 -9.496841 -11.888155 -4.280223 -8.110275 -6.625933 -2.998704 -5.446003 3.743334 -8.715181 -999.0
UU -999.0 -13.193801 -14.385061 -7.630353 -12.930767 -999.0 -8.890184 -9.250239 -999.0 -8.616423 -15.410567 -8.497376 -7.61336 -6.870096 -8.715181 -0.176465 -999.0
NN -999.0 -999.0 -999.0 -999.0 -999.0 -999.0 -999.0 -999.0 -999.0 -999.0 -999.0 -999.0 -999.0 -999.0 -999.0 -999.0 -999.0
