 AA AC AG AU CA CC CG CU GA GC GG GU UA UC UG UU NN
AA -1.256212 -8.350032 -8.180741 -5.05758 -10.336428 -13.752927 -5.56971 -11.877088 -5.761305 -4.736529 -10.348281 -6.479624 -4.755041 -13.122771 -6.219897 -8.226571 -14.739431
AC -8.350032 -1.318166 -9.014799 -2.196944 -10.131318 -8.705512 -5.716843 -11.192236 -10.510784 -3.789397 -12.676781 -6.026469 -6.20317 -8.819199 -7.563538 -7.859686 -14.739431
AG -8.180741 -9.014799 -0.575285 -6.029814 -11.086316 -14.739431 -4.788724 -8.844623 -9.37555 -6.517783 -5.216423 -7.011023 -6.726023 -8.114807 -5.505943 -10.66299 -14.739431
AU -5.05758 -2.196944 -6.029814 4.794804 -6.538126 -7.405052 1.125177 -5.901311 -7.09139 2.280332 -6.785272 0.346691 1.004898 -5.82306 -1.136455 -2.953756 -14.739431
CA -10.336428 -10.131318 -11.086316 -6.538126 -5.006807 -11.248143 -3.755272 -7.580818 -8.673889 -6.184537 -11.535851 -8.535027 -2.588864 -7.694247 -6.307313 -7.919352 -14.739431
CC -13.752927 -8.705512 -14.739431 -7.405052 -11.248143 -2.064487 -5.173726 -6.517608 -13.470942 -4.024825 -12.465628 -8.209251 -7.500051 -8.534649 -8.940247 -6.377775 -14.739431
CG -5.56971 -5.716843 -4.788724 1.125177 -3.755272 -5.173726 5.540746 -4.942752 -6.915886 1.525388 -4.440411 -0.951716 2.275162 -4.718954 1.05324 -3.966046 -14.739431
CU -11.877088 -11.192236 -8.844623 -5.901311 -7.580818 -6.517608 -4.942752 -1.397683 -6.401393 -6.64862 -13.017965 -6.793395 -4.625959 -4.355433 -7.925904 -4.659737 -14.739431
GA -5.761305 -10.510784 -9.37555 -7.09139 -8.673889 -13.470942 -6.915886 -6.401393 -0.830987 -5.605675 -9.833787 -6.647816 -5.825599 -6.24521 -7.647816 -11.614142 -14.739431
GC -4.736529 -3.789397 -6.517783 2.280332 -6.184537 -4.024825 1.525388 -6.64862 -5.605675 5.715203 -5.203053 0.917737 0.887188 -4.828153 -0.515116 -4.494587 -14.739431
GG -10.348281 -12.676781 -5.216423 -6.785272 -11.535851 -12.465628 -4.440411 -13.017965 -9.833787 -5.203053 -2.157247 -6.07999 -6.63846 -11.833872 -4.18165 -11.72968 -14.739431
GU -6.479624 -6.026469 -7.011023 0.346691 -8.535027 -8.209251 -0.951716 -6.793395 -6.647816 0.917737 -6.07999 3.626823 -1.32139 -5.233767 -2.329878 -5.022246 -14.739431
UA -4.755041 -6.20317 -6.726023 1.004898 -2.588864 -7.500051 2.275162 -4.625959 -5.825599 0.887188 -6.63846 -1.32139 5.132773 -3.102227 0.716593 -3.900278 -14.739431
UC -13.122771 -8.819199 -8.114807 -5.82306 -7.694247 -8.534649 -4.718954 -4.355433 -6.24521 -4.828153 -11.833872 -5.233767 -3.102227 -3.167171 -5.413674 -4.777631 -14.739431
UG -6.219897 -7.563538 -5.505943 -1.136455 -6.307313 -8.940247 1.05324 -7.925904 -7.647816 -0.515116 -4.18165 -2.329878 0.716593 -5.413674 3.543742 -4.486342 -14.739431
UU -8.226571 -7.859686 -10.66299 -2.953756 -7.919352 -6.377775 -3.966046 -4.659737 -11.614142 -4.494587 -11.72968 -5.022246 -3.900278 -4.777631 -4.486342 0.169066 -14.739431
NN -14.739431 -14.739431 -14.739431 -14.739431 -14.739431 -14.739431 -14.739431 -14.739431 -14.739431 -14.739431 -14.739431 -14.739431 -14.739431 -14.739431 -14.739431 -14.739431 -14.739431
