 AA AC AG AU CA CC CG CU GA GC GG GU UA UC UG UU NN
AA -3.281828 -7.440197 -8.612885 -4.58101 -9.512296 -12.897598 -3.697281 -12.464721 -7.450796 -5.254451 -8.712813 -6.081839 -2.634968 -11.673138 -3.79242 -8.598819 -14.390617
AC -7.440197 -2.066139 -9.385657 -1.627316 -9.990774 -8.80683 -5.121925 -10.037785 -7.540755 -2.89794 -10.100528 -4.452651 -4.801505 -8.818602 -6.72923 -8.219913 -14.390617
AG -8.612885 -9.385657 -1.466349 -5.315106 -10.406152 -14.390617 -2.531416 -9.17607 -8.77748 -5.614949 -4.543655 -6.805052 -2.83272 -8.097389 -5.831877 -9.914962 -14.390617
AU -4.58101 -1.627316 -5.315106 4.126445 -5.264428 -2.767156 2.130289 -3.959661 -3.723173 2.974726 -4.562247 0.786661 1.944669 -4.161299 -0.262553 -2.412233 -14.390617
CA -9.512296 -9.990774 -10.406152 -5.264428 -5.831203 -10.608818 -2.830285 -8.750551 -7.291115 -5.051601 -11.274673 -6.086046 -2.63652 -7.630931 -5.838944 -9.01221 -14.390617
CC -12.897598 -8.80683 -14.390617 -2.767156 -10.608818 -4.289254 -4.863817 -6.336228 -11.365741 -3.354832 -11.452166 -6.752735 -5.791733 -8.012717 -7.689714 -6.01673 -14.390617
CG -3.697281 -5.121925 -2.531416 2.130289 -2.830285 -4.863817 5.183801 -4.495636 -5.315268 2.879711 -4.57908 0.32856 3.040014 -4.359136 1.327804 -3.015407 -14.390617
CU -12.464721 -10.037785 -9.17607 -3.959661 -8.750551 -6.336228 -4.495636 -3.062481 -8.242586 -2.289372 -9.468671 -4.480648 -4.615693 -4.588178 -6.534872 -5.93971 -14.390617
GA -7.450796 -7.540755 -8.77748 -3.723173 -7.291115 -11.365741 -5.315268 -8.242586 -1.737911 -2.612922 -8.964634 -6.114467 -4.673793 -7.2604 -7.575655 -10.294282 -14.390617
GC -5.254451 -2.89794 -5.614949 2.974726 -5.051601 -3.354832 2.879711 -2.289372 -2.612922 5.489245 -4.213726 1.494954 2.090632 -3.871137 0.422815 -2.736466 -14.390617
GG -8.712813 -10.100528 -4.543655 -4.562247 -11.274673 -11.452166 -4.57908 -9.468671 -8.964634 -4.213726 -2.072842 -5.464314 -5.805148 -10.410224 -4.357831 -5.406181 -14.390617
GU -6.081839 -4.452651 -6.805052 0.786661 -6.086046 -6.752735 0.32856 -4.480648 -6.114467 1.494954 -5.464314 3.24561 0.095537 -4.7271 -1.319817 -2.790039 -14.390617
UA -2.634968 -4.801505 -2.83272 1.944669 -2.63652 -5.791733 3.040014 -4.615693 -4.673793 2.090632 -5.805148 0.095537 4.64163 -3.390245 1.119106 -1.696122 -14.390617
UC -11.673138 -8.818602 -8.097389 -4.161299 -7.630931 -8.012717 -4.359136 -4.588178 -7.2604 -3.871137 -10.410224 -4.7271 -3.390245 -3.972648 -4.258079 -6.76518 -14.390617
UG -3.79242 -6.72923 -5.831877 -0.262553 -5.838944 -7.689714 1.327804 -6.534872 -7.575655 0.422815 -4.357831 -1.319817 1.119106 -4.258079 3.1287 -3.681231 -14.390617
UU -8.598819 -8.219913 -9.914962 -2.412233 -9.01221 -6.01673 -3.015407 -5.93971 -10.294282 -2.736466 -5.406181 -2.790039 -1.696122 -6.76518 -3.681231 -0.865665 -14.390617
NN -14.390617 -14.390617 -14.390617 -14.390617 -14.390617 -14.390617 -14.390617 -14.390617 -14.390617 -14.390617 -14.390617 -14.390617 -14.390617 -14.390617 -14.390617 -14.390617 -14.390617
