 AA AC AG AU CA CC CG CU GA GC GG GU UA UC UG UU NN
AA -2.974766 -8.15016 -8.793615 -4.70318 -9.72001 -13.071132 -3.773102 -12.184052 -7.198319 -5.126236 -9.257745 -6.137592 -2.50945 -11.29546 -3.649066 -8.9315 -14.715694
AC -8.15016 -2.147695 -9.267416 -1.616092 -10.225329 -8.720172 -5.26541 -10.343104 -7.789528 -2.740383 -10.033347 -4.580585 -5.239005 -8.802986 -6.965351 -8.158394 -14.715694
AG -8.793615 -9.267416 -1.378938 -5.639656 -9.726426 -14.715694 -2.525314 -9.401786 -9.310954 -5.892708 -4.546697 -7.067041 -2.838289 -8.01746 -5.768811 -9.990884 -14.715694
AU -4.70318 -1.616092 -5.639656 4.183871 -5.470206 -2.551462 2.082525 -4.033858 -3.916143 2.91077 -4.703916 0.760499 1.916468 -4.202124 -0.36549 -2.383782 -14.715694
CA -9.72001 -10.225329 -9.726426 -5.470206 -6.054515 -11.242825 -2.997991 -8.253903 -7.80971 -5.250553 -11.108019 -6.10449 -2.816544 -7.572629 -6.089799 -8.841753 -14.715694
CC -13.071132 -8.720172 -14.715694 -2.551462 -11.242825 -3.865682 -4.983736 -6.830418 -12.227719 -3.521848 -12.095114 -6.709262 -6.053663 -8.4477 -8.001723 -6.390951 -14.715694
CG -3.773102 -5.26541 -2.525314 2.082525 -2.997991 -4.983736 5.20164 -4.326431 -5.749172 2.839926 -4.617553 0.297863 2.994489 -4.319177 1.26125 -3.004917 -14.715694
CU -12.184052 -10.343104 -9.401786 -4.033858 -8.253903 -6.830418 -4.326431 -2.781752 -7.853699 -2.205295 -9.083725 -4.450393 -4.359672 -4.618296 -6.363995 -5.367381 -14.715694
GA -7.198319 -7.789528 -9.310954 -3.916143 -7.80971 -12.227719 -5.749172 -7.853699 -1.677301 -2.640729 -9.103584 -6.400241 -4.623958 -7.176372 -7.765761 -10.259257 -14.715694
GC -5.126236 -2.740383 -5.892708 2.91077 -5.250553 -3.521848 2.839926 -2.205295 -2.640729 5.496912 -4.535657 1.446454 1.991679 -3.940138 0.349915 -2.837565 -14.715694
GG -9.257745 -10.033347 -4.546697 -4.703916 -11.108019 -12.095114 -4.617553 -9.083725 -9.103584 -4.535657 -2.120837 -5.690494 -6.104665 -10.665615 -4.265865 -5.11818 -14.715694
GU -6.137592 -4.580585 -7.067041 0.760499 -6.10449 -6.709262 0.297863 -4.450393 -6.400241 1.446454 -5.690494 3.290803 0.089913 -4.726615 -1.328658 -2.677026 -14.715694
UA -2.50945 -5.239005 -2.838289 1.916468 -2.816544 -6.053663 2.994489 -4.359672 -4.623958 1.991679 -6.104665 0.089913 4.693218 -3.495402 1.06496 -1.6164 -14.715694
UC -11.29546 -8.802986 -8.01746 -4.202124 -7.572629 -8.4477 -4.319177 -4.618296 -7.176372 -3.940138 -10.665615 -4.726615 -3.495402 -4.009278 -4.27792 -6.177683 -14.715694
UG -3.649066 -6.965351 -5.768811 -0.36549 -6.089799 -8.001723 1.26125 -6.363995 -7.765761 0.349915 -4.265865 -1.328658 1.06496 -4.27792 3.16687 -3.652225 -14.715694
UU -8.9315 -8.158394 -9.990884 -2.383782 -8.841753 -6.390951 -3.004917 -5.367381 -10.259257 -2.837565 -5.11818 -2.677026 -1.6164 -6.177683 -3.652225 -0.770146 -14.715694
NN -14.715694 -14.715694 -14.715694 -14.715694 -14.715694 -14.715694 -14.715694 -14.715694 -14.715694 -14.715694 -14.715694 -14.715694 -14.715694 -14.715694 -14.715694 -14.715694 -14.715694
