 AA AC AG AU CA CC CG CU GA GC GG GU UA UC UG UU NN
AA -3.685706 -6.120853 -11.008044 -4.480832 -10.593579 -12.629505 -3.498322 -11.904156 -9.582425 -4.956207 -12.343158 -5.389806 -3.251248 -12.611997 -3.800348 -10.807604 -12.730654
AC -6.120853 -1.657109 -9.125484 -1.71322 -9.786827 -6.518966 -4.318332 -9.402347 -6.332954 -2.542516 -9.168166 -3.81881 -3.605729 -9.780716 -5.863676 -8.46355 -12.730654
AG -11.008044 -9.125484 -2.513683 -4.289136 -10.269614 -12.730654 -1.725443 -10.45697 -7.399906 -4.086219 -4.263678 -5.878659 -2.525398 -10.207877 -5.829723 -8.242006 -12.730654
AU -4.480832 -1.71322 -4.289136 3.790826 -4.872486 -2.333693 2.398058 -3.436424 -3.726139 3.279788 -4.282217 0.92622 2.011653 -4.298502 -0.006078 -2.749176 -12.730654
CA -10.593579 -9.786827 -10.269614 -4.872486 -5.675248 -9.867157 -2.245311 -8.59383 -6.53726 -4.172474 -10.591911 -5.346428 -3.092894 -8.51438 -6.033208 -8.929729 -12.730654
CC -12.629505 -6.518966 -12.730654 -2.333693 -9.867157 -3.110023 -3.356355 -5.054819 -9.418373 -2.46333 -10.928985 -5.294034 -4.395849 -7.610369 -6.311159 -5.352793 -12.730654
CG -3.498322 -4.318332 -1.725443 2.398058 -2.245311 -3.356355 5.290534 -3.919955 -4.234723 3.199566 -3.909101 0.640903 3.316672 -4.100143 1.568735 -2.211969 -12.730654
CU -11.904156 -9.402347 -10.45697 -3.436424 -8.59383 -5.054819 -3.919955 -3.019082 -8.944223 -2.37981 -7.217874 -4.216295 -3.510498 -5.414693 -5.066193 -6.469681 -12.730654
GA -9.582425 -6.332954 -7.399906 -3.726139 -6.53726 -9.418373 -4.234723 -8.944223 -2.2402 -1.962819 -10.227088 -4.984798 -3.63058 -8.830937 -7.68279 -8.80219 -12.730654
GC -4.956207 -2.542516 -4.086219 3.279788 -4.172474 -2.46333 3.199566 -2.37981 -1.962819 5.633247 -3.513954 1.905652 2.560097 -3.557802 0.805648 -2.389239 -12.730654
GG -12.343158 -9.168166 -4.263678 -4.282217 -10.591911 -10.928985 -3.909101 -7.217874 -10.227088 -3.513954 -2.489217 -4.725936 -5.050079 -9.923403 -4.233183 -7.183553 -12.730654
GU -5.389806 -3.81881 -5.878659 0.92622 -5.346428 -5.294034 0.640903 -4.216295 -4.984798 1.905652 -4.725936 2.955443 0.336354 -4.668552 -1.082319 -3.225121 -12.730654
UA -3.251248 -3.605729 -2.525398 2.011653 -3.092894 -4.395849 3.316672 -3.510498 -3.63058 2.560097 -5.050079 0.336354 4.149026 -3.253595 1.195218 -1.770006 -12.730654
UC -12.611997 -9.780716 -10.207877 -4.298502 -8.51438 -7.610369 -4.100143 -5.414693 -8.830937 -3.557802 -9.923403 -4.668552 -3.253595 -5.382994 -3.602916 -7.446854 -12.730654
UG -3.800348 -5.863676 -5.829723 -0.006078 -6.033208 -6.311159 1.568735 -5.066193 -7.68279 0.805648 -4.233183 -1.082319 1.195218 -3.602916 2.796576 -2.823829 -12.730654
UU -10.807604 -8.46355 -8.242006 -2.749176 -8.929729 -5.352793 -2.211969 -6.469681 -8.80219 -2.389239 -7.183553 -3.225121 -1.770006 -7.446854 -2.823829 -1.993879 -12.730654
NN -12.730654 -12.730654 -12.730654 -12.730654 -12.730654 -12.730654 -12.730654 -12.730654 -12.730654 -12.730654 -12.730654 -12.730654 -12.730654 -12.730654 -12.730654 -12.730654 -12.730654
