 AA AC AG AU CA CC CG CU GA GC GG GU UA UC UG UU NN
AA -1.778114 -8.234368 -8.110696 -4.700939 -10.012735 -14.38593 -5.201321 -12.107144 -6.054608 -4.785733 -9.616962 -6.422432 -4.730511 -11.979305 -6.379128 -8.600696 -14.918008
AC -8.234368 -1.76507 -9.249608 -2.092206 -9.989779 -9.288906 -5.933293 -11.0098 -10.296365 -3.783576 -12.462432 -5.91412 -6.022665 -8.595936 -7.653962 -8.0306 -14.918008
AG -8.110696 -9.249608 -0.625982 -5.974449 -10.637147 -14.918008 -4.881735 -8.841798 -9.300313 -6.414615 -5.526984 -6.962954 -6.626223 -8.22955 -5.752796 -10.600217 -14.918008
AU -4.700939 -2.092206 -5.974449 4.648452 -6.153211 -7.14831 1.414732 -5.809535 -6.236487 2.520171 -6.242529 0.415637 1.334738 -5.499118 -0.761353 -3.119045 -14.918008
CA -10.012735 -9.989779 -10.637147 -6.153211 -5.488372 -11.562477 -3.92337 -7.539789 -8.635501 -6.242664 -11.6903 -8.527088 -2.630181 -7.34317 -6.297657 -8.309318 -14.918008
CC -14.38593 -9.288906 -14.918008 -7.14831 -11.562477 -2.661041 -5.429235 -6.210602 -13.81647 -4.12772 -12.351925 -8.307574 -7.451526 -8.355788 -9.019259 -6.108248 -14.918008
CG -5.201321 -5.933293 -4.881735 1.414732 -3.92337 -5.429235 5.477638 -4.882411 -6.596467 1.754742 -4.519532 -0.619759 2.515279 -4.60033 1.140417 -4.03145 -14.918008
CU -12.107144 -11.0098 -8.841798 -5.809535 -7.539789 -6.210602 -4.882411 -1.742665 -6.53723 -6.213369 -13.45347 -6.4592 -4.352614 -3.917468 -8.015296 -4.646746 -14.918008
GA -6.054608 -10.296365 -9.300313 -6.236487 -8.635501 -13.81647 -6.596467 -6.53723 -0.929228 -5.496081 -9.563018 -6.712351 -6.112354 -6.303842 -7.699803 -11.836876 -14.918008
GC -4.785733 -3.783576 -6.414615 2.520171 -6.242664 -4.12772 1.754742 -6.213369 -5.496081 5.683708 -4.799278 1.007814 1.240195 -4.865778 -0.249657 -4.371906 -14.918008
GG -9.616962 -12.462432 -5.526984 -6.242529 -11.6903 -12.351925 -4.519532 -13.45347 -9.563018 -4.799278 -2.082194 -5.833981 -6.313855 -11.836199 -4.135961 -11.744355 -14.918008
GU -6.422432 -5.91412 -6.962954 0.415637 -8.527088 -8.307574 -0.619759 -6.4592 -6.712351 1.007814 -5.833981 3.576758 -0.898837 -5.540504 -2.16543 -5.082613 -14.918008
UA -4.730511 -6.022665 -6.626223 1.334738 -2.630181 -7.451526 2.515279 -4.352614 -6.112354 1.240195 -6.313855 -0.898837 5.067215 -2.990802 0.953537 -3.751098 -14.918008
UC -11.979305 -8.595936 -8.22955 -5.499118 -7.34317 -8.355788 -4.60033 -3.917468 -6.303842 -4.865778 -11.836199 -5.540504 -2.990802 -3.191895 -5.073348 -5.111907 -14.918008
UG -6.379128 -7.653962 -5.752796 -0.761353 -6.297657 -9.019259 1.140417 -8.015296 -7.699803 -0.249657 -4.135961 -2.16543 0.953537 -5.073348 3.455664 -4.621925 -14.918008
UU -8.600696 -8.0306 -10.600217 -3.119045 -8.309318 -6.108248 -4.03145 -4.646746 -11.836876 -4.371906 -11.744355 -5.082613 -3.751098 -5.111907 -4.621925 0.12879 -14.918008
NN -14.918008 -14.918008 -14.918008 -14.918008 -14.918008 -14.918008 -14.918008 -14.918008 -14.918008 -14.918008 -14.918008 -14.918008 -14.918008 -14.918008 -14.918008 -14.918008 -14.918008
